#cp                total::x                total::y                total::z                 flow::x                 flow::y                 flow::z                 dSdb::x                 dSdb::y                 dSdb::z                 dndb::x                 dndb::y                 dndb::z           dxdbDirect::x           dxdbDirect::y           dxdbDirect::z                 dVdb::x                 dVdb::y                 dVdb::z             distance::x             distance::y             distance::z              options::x              options::y              options::z                 dvdb::x                 dvdb::y                 dvdb::z

 43       141.8747993828724      -215.4335710386567                       0      -43.70267730027957       62.73819007021596                       0                       0                       0                       0                       0                       0                       0                       0                       0                       0                       0                       0                       0        185.577476683152      -278.1717611088727                       0                       0                       0                       0                       0                       0                       0
 44       61.60470155458029      -99.69595415295916                       0      -84.22850906243676       115.5765029148997                       0                       0                       0                       0                       0                       0                       0                       0                       0                       0                       0                       0                       0        145.833210617017      -215.2724570678589                       0                       0                       0                       0                       0                       0                       0
 45       18.00322618951478      -41.11870109540496                       0      -69.94996821376162       99.09547334749345                       0                       0                       0                       0                       0                       0                       0                       0                       0                       0                       0                       0                       0        87.9531944032764      -140.2141744428984                       0                       0                       0                       0                       0                       0                       0
 46       13.28791530196251      -37.33153955717022                       0      -31.34760578933992       51.09350784110143                       0                       0                       0                       0                       0                       0                       0                       0                       0                       0                       0                       0                       0       44.63552109130244      -88.42504739827164                       0                       0                       0                       0                       0                       0                       0

 49       130.1097033551929      -216.4092011648844                       0      -197.7062170040109      -33.54770335100013                       0                       0                       0                       0                       0                       0                       0                       0                       0                       0                       0                       0                       0       327.8159203592037      -182.8614978138842                       0                       0                       0                       0                       0                       0                       0
 50       60.51265029785367      -75.70674614848522                       0      -29.87188643685744       59.43029414334546                       0                       0                       0                       0                       0                       0                       0                       0                       0                       0                       0                       0                       0       90.38453673471111      -135.1370402918307                       0                       0                       0                       0                       0                       0                       0
 51       26.67975565843048      -78.51291686510194                       0      -28.19851663670534       99.78451484602556                       0                       0                       0                       0                       0                       0                       0                       0                       0                       0                       0                       0                       0       54.87827229513582      -178.2974317111275                       0                       0                       0                       0                       0                       0                       0
 52       60.03644699560019      -201.3206059871445                       0       11.66821407468979       -40.8359412987752                       0                       0                       0                       0                       0                       0                       0                       0                       0                       0                       0                       0                       0       48.36823292091041      -160.4846646883693                       0                       0                       0                       0                       0                       0                       0

 55       324.6079238900841      -167.5438144201615                       0      -408.7950458270411        504.934319640477                       0                       0                       0                       0                       0                       0                       0                       0                       0                       0                       0                       0                       0       733.4029697171252      -672.4781340606386                       0                       0                       0                       0                       0                       0                       0
 56       359.5324088512533      -309.4448151393275                       0      -185.3536110030539       469.6626129687514                       0                       0                       0                       0                       0                       0                       0                       0                       0                       0                       0                       0                       0       544.8860198543072      -779.1074281080789                       0                       0                       0                       0                       0                       0                       0
 57       156.0733036769112      -203.0906200552396                       0      -25.41604630847042       184.3480208887995                       0                       0                       0                       0                       0                       0                       0                       0                       0                       0                       0                       0                       0       181.4893499853816      -387.4386409440392                       0                       0                       0                       0                       0                       0                       0
 58       66.31112134945593      -201.2580821252168                       0       85.04305092865695      -223.4988492449693                       0                       0                       0                       0                       0                       0                       0                       0                       0                       0                       0                       0                       0      -18.73192957920102       22.24076711975242                       0                       0                       0                       0                       0                       0                       0

 61      -236.1345626839279       557.8902105222628                       0       569.3126138113407      -272.4455210496658                       0                       0                       0                       0                       0                       0                       0                       0                       0                       0                       0                       0                       0      -805.4471764952686       830.3357315719286                       0                       0                       0                       0                       0                       0                       0
 62       2.961358612365416       385.7197868945229                       0       352.6081813765663       -238.673852603531                       0                       0                       0                       0                       0                       0                       0                       0                       0                       0                       0                       0                       0      -349.6468227642009        624.393639498054                       0                       0                       0                       0                       0                       0                       0
 63      -13.96621325732576       228.4819155449864                       0       148.6132200938653      -204.6595971375986                       0                       0                       0                       0                       0                       0                       0                       0                       0                       0                       0                       0                       0      -162.5794333511911        433.141512682585                       0                       0                       0                       0                       0                       0                       0
 64      -7.378114707010099       38.92348441288971                       0       39.89333059977753      -119.1612685038253                       0                       0                       0                       0                       0                       0                       0                       0                       0                       0                       0                       0                       0      -47.27144530678763        158.084752916715                       0                       0                       0                       0                       0                       0                       0
