#cp                total::x                total::y                total::z                 flow::x                 flow::y                 flow::z                 dSdb::x                 dSdb::y                 dSdb::z                 dndb::x                 dndb::y                 dndb::z           dxdbDirect::x           dxdbDirect::y           dxdbDirect::z                 dVdb::x                 dVdb::y                 dVdb::z             distance::x             distance::y             distance::z              options::x              options::y              options::z                 dvdb::x                 dvdb::y                 dvdb::z

 43       3.297490641993657       -4.89957153006673                       0                       0                       0                       0       1.648745320996828      -2.449785765033365                       0                       0                       0                       0       1.648745320996829      -2.449785765033365                       0                       0                       0                       0                       0                       0                       0                       0                       0                       0                       0                       0                       0
 44       4.325794422491541      -6.428162137923916                       0                       0                       0                       0       2.162897211245772      -3.214081068961958                       0                       0                       0                       0       2.162897211245769      -3.214081068961958                       0                       0                       0                       0                       0                       0                       0                       0                       0                       0                       0                       0                       0
 45       3.269948069569131      -5.232209359677955                       0                       0                       0                       0       1.634974034784563      -2.616104679838977                       0                       0                       0                       0       1.634974034784567      -2.616104679838978                       0                       0                       0                       0                       0                       0                       0                       0                       0                       0                       0                       0                       0
 46       1.379271452205884      -2.547352606633177                       0                       0                       0                       0      0.6896357261029423      -1.273676303316587                       0                       0                       0                       0      0.6896357261029422      -1.273676303316589                       0                       0                       0                       0                       0                       0                       0                       0                       0                       0                       0                       0                       0

 49         3.9946509072904      -7.518256535613657                       0                       0                       0                       0       1.997325453645201      -3.759128267806832                       0                       0                       0                       0       1.997325453645199      -3.759128267806824                       0                       0                       0                       0                       0                       0                       0                       0                       0                       0                       0                       0                       0
 50       5.175171588685298      -7.596204979045809                       0                       0                       0                       0       2.587585794342649      -3.798102489522904                       0                       0                       0                       0       2.587585794342648      -3.798102489522905                       0                       0                       0                       0                       0                       0                       0                       0                       0                       0                       0                       0                       0
 51       5.147384225517158      -7.281570826238009                       0                       0                       0                       0       2.573692112758577         -3.640785413119                       0                       0                       0                       0        2.57369211275858      -3.640785413119009                       0                       0                       0                       0                       0                       0                       0                       0                       0                       0                       0                       0                       0
 52       4.102596222115579      -5.525197401901124                       0                       0                       0                       0       2.051298111057788      -2.762598700950562                       0                       0                       0                       0       2.051298111057791      -2.762598700950562                       0                       0                       0                       0                       0                       0                       0                       0                       0                       0                       0                       0                       0

 55      -5.848604938357131       4.527596880806353                       0                       0                       0                       0      -2.924302469178566       2.263798440403176                       0                       0                       0                       0      -2.924302469178565       2.263798440403177                       0                       0                       0                       0                       0                       0                       0                       0                       0                       0                       0                       0                       0
 56      -3.313233206925476       5.823793892836493                       0                       0                       0                       0      -1.656616603462737       2.911896946418246                       0                       0                       0                       0      -1.656616603462739       2.911896946418246                       0                       0                       0                       0                       0                       0                       0                       0                       0                       0                       0                       0                       0
 57      -1.714319438631977       6.878455080231129                       0                       0                       0                       0     -0.8571597193159886       3.439227540115564                       0                       0                       0                       0     -0.8571597193159886       3.439227540115565                       0                       0                       0                       0                       0                       0                       0                       0                       0                       0                       0                       0                       0
 58    -0.06143695344352706       5.354502625631292                       0                       0                       0                       0    -0.03071847672176364       2.677251312815648                       0                       0                       0                       0    -0.03071847672176342       2.677251312815644                       0                       0                       0                       0                       0                       0                       0                       0                       0                       0                       0                       0                       0

 61      -6.828170369283921       7.470614062883373                       0                       0                       0                       0      -3.414085184641961       3.735307031441685                       0                       0                       0                       0       -3.41408518464196       3.735307031441688                       0                       0                       0                       0                       0                       0                       0                       0                       0                       0                       0                       0                       0
 62      -4.944560116620309        7.86024558070368                       0                       0                       0                       0      -2.472280058310154       3.930122790351839                       0                       0                       0                       0      -2.472280058310155        3.93012279035184                       0                       0                       0                       0                       0                       0                       0                       0                       0                       0                       0                       0                       0
 63      -2.274006336057503        5.56383915176022                       0                       0                       0                       0      -1.137003168028751        2.78191957588011                       0                       0                       0                       0      -1.137003168028751        2.78191957588011                       0                       0                       0                       0                       0                       0                       0                       0                       0                       0                       0                       0                       0
 64     -0.7227291157945425       2.721594655209764                       0                       0                       0                       0     -0.3613645578972714       1.360797327604882                       0                       0                       0                       0     -0.3613645578972711       1.360797327604883                       0                       0                       0                       0                       0                       0                       0                       0                       0                       0                       0                       0                       0
