#cp                total::x                total::y                total::z                 flow::x                 flow::y                 flow::z                 dSdb::x                 dSdb::y                 dSdb::z                 dndb::x                 dndb::y                 dndb::z           dxdbDirect::x           dxdbDirect::y           dxdbDirect::z                 dVdb::x                 dVdb::y                 dVdb::z             distance::x             distance::y             distance::z              options::x              options::y              options::z                 dvdb::x                 dvdb::y                 dvdb::z

 43       3.297085881526631      -4.900200960123923                       0                       0                       0                       0       1.648542940763316      -2.450100480061962                       0                       0                       0                       0       1.648542940763316      -2.450100480061962                       0                       0                       0                       0                       0                       0                       0                       0                       0                       0                       0                       0                       0
 44       4.324889122137813      -6.429422734120335                       0                       0                       0                       0       2.162444561068906      -3.214711367060166                       0                       0                       0                       0       2.162444561068907      -3.214711367060168                       0                       0                       0                       0                       0                       0                       0                       0                       0                       0                       0                       0                       0
 45       3.270439871999173       -5.23263387409779                       0                       0                       0                       0       1.635219935999585      -2.616316937048896                       0                       0                       0                       0       1.635219935999587      -2.616316937048894                       0                       0                       0                       0                       0                       0                       0                       0                       0                       0                       0                       0                       0
 46       1.379748941512672      -2.547289887303081                       0                       0                       0                       0      0.6898744707563358      -1.273644943651541                       0                       0                       0                       0      0.6898744707563363       -1.27364494365154                       0                       0                       0                       0                       0                       0                       0                       0                       0                       0                       0                       0                       0

 49       3.995380991095697      -7.519043597089739                       0                       0                       0                       0        1.99769049554785      -3.759521798544868                       0                       0                       0                       0       1.997690495547848      -3.759521798544871                       0                       0                       0                       0                       0                       0                       0                       0                       0                       0                       0                       0                       0
 50       5.173870439427241      -7.597585861875913                       0                       0                       0                       0       2.586935219713623      -3.798792930937955                       0                       0                       0                       0       2.586935219713618      -3.798792930937959                       0                       0                       0                       0                       0                       0                       0                       0                       0                       0                       0                       0                       0
 51       5.148254534573346      -7.281244016086534                       0                       0                       0                       0       2.574127267286675      -3.640622008043271                       0                       0                       0                       0       2.574127267286671      -3.640622008043263                       0                       0                       0                       0                       0                       0                       0                       0                       0                       0                       0                       0                       0
 52        4.10417173112681      -5.524096983097539                       0                       0                       0                       0       2.052085865563404      -2.762048491548768                       0                       0                       0                       0       2.052085865563406       -2.76204849154877                       0                       0                       0                       0                       0                       0                       0                       0                       0                       0                       0                       0                       0

 55       -5.84651484976308       4.526528592220754                       0                       0                       0                       0      -2.923257424881539       2.263264296110376                       0                       0                       0                       0      -2.923257424881541       2.263264296110378                       0                       0                       0                       0                       0                       0                       0                       0                       0                       0                       0                       0                       0
 56      -3.316868465374313       5.823406370385056                       0                       0                       0                       0      -1.658434232687156       2.911703185192527                       0                       0                       0                       0      -1.658434232687157       2.911703185192529                       0                       0                       0                       0                       0                       0                       0                       0                       0                       0                       0                       0                       0
 57      -1.717219627510296        6.88072051236162                       0                       0                       0                       0     -0.8586098137551491        3.44036025618081                       0                       0                       0                       0      -0.858609813755147       3.440360256180811                       0                       0                       0                       0                       0                       0                       0                       0                       0                       0                       0                       0                       0
 58    -0.06045984097318313       5.356866527217351                       0                       0                       0                       0    -0.03022992048658946       2.678433263608677                       0                       0                       0                       0    -0.03022992048659368       2.678433263608674                       0                       0                       0                       0                       0                       0                       0                       0                       0                       0                       0                       0                       0

 61       -6.82742432110088       7.469417039044231                       0                       0                       0                       0      -3.413712160550439       3.734708519522116                       0                       0                       0                       0      -3.413712160550442       3.734708519522115                       0                       0                       0                       0                       0                       0                       0                       0                       0                       0                       0                       0                       0
 62      -4.948415444290946       7.859438598735399                       0                       0                       0                       0      -2.474207722145473       3.929719299367697                       0                       0                       0                       0      -2.474207722145473       3.929719299367702                       0                       0                       0                       0                       0                       0                       0                       0                       0                       0                       0                       0                       0
 63      -2.276828752570608        5.56477058257134                       0                       0                       0                       0      -1.138414376285304       2.782385291285669                       0                       0                       0                       0      -1.138414376285303       2.782385291285671                       0                       0                       0                       0                       0                       0                       0                       0                       0                       0                       0                       0                       0
 64      -0.722869317102951       2.722306604301645                       0                       0                       0                       0     -0.3614346585514752       1.361153302150822                       0                       0                       0                       0     -0.3614346585514758       1.361153302150823                       0                       0                       0                       0                       0                       0                       0                       0                       0                       0                       0                       0                       0
