#cp                total::x                total::y                total::z                 flow::x                 flow::y                 flow::z                 dSdb::x                 dSdb::y                 dSdb::z                 dndb::x                 dndb::y                 dndb::z           dxdbDirect::x           dxdbDirect::y           dxdbDirect::z                 dVdb::x                 dVdb::y                 dVdb::z             distance::x             distance::y             distance::z              options::x              options::y              options::z                 dvdb::x                 dvdb::y                 dvdb::z

 43        142.033268801581      -215.5484838899227                       0      -43.76105136613214        63.0134532697466                       0                       0                       0                       0                       0                       0                       0                       0                       0                       0                       0                       0                       0       185.7943201677131      -278.5619371596694                       0                       0                       0                       0                       0                       0                       0
 44       60.96940959441866      -98.68736265557837                       0      -84.47178433512141       115.9271561795724                       0                       0                       0                       0                       0                       0                       0                       0                       0                       0                       0                       0                       0       145.4411939295401      -214.6145188351508                       0                       0                       0                       0                       0                       0                       0
 45       17.52662644198006       -40.3808510623191                       0      -69.93737740964423        99.0590877978741                       0                       0                       0                       0                       0                       0                       0                       0                       0                       0                       0                       0                       0       87.46400385162428      -139.4399388601932                       0                       0                       0                       0                       0                       0                       0
 46       13.19388571850553      -37.15362355074727                       0      -31.28161787835006        50.9734116380921                       0                       0                       0                       0                       0                       0                       0                       0                       0                       0                       0                       0                       0       44.47550359685559      -88.12703518883937                       0                       0                       0                       0                       0                       0                       0

 49       130.3725875637432      -216.6230163080665                       0      -196.7334235007066      -34.28537227140573                       0                       0                       0                       0                       0                       0                       0                       0                       0                       0                       0                       0                       0       327.1060110644497      -182.3376440366607                       0                       0                       0                       0                       0                       0                       0
 50       60.68259300523633      -75.96171777131417                       0      -29.51764115202337       59.08911210521262                       0                       0                       0                       0                       0                       0                       0                       0                       0                       0                       0                       0                       0        90.2002341572597      -135.0508298765268                       0                       0                       0                       0                       0                       0                       0
 51       26.95850176597665      -79.22447979971196                       0       -27.7159718343471       98.47147006791101                       0                       0                       0                       0                       0                       0                       0                       0                       0                       0                       0                       0                       0       54.67447360032375       -177.695949867623                       0                       0                       0                       0                       0                       0                       0
 52       60.09295636013156      -201.4073629513495                       0       11.95297258992923      -41.64771786319631                       0                       0                       0                       0                       0                       0                       0                       0                       0                       0                       0                       0                       0       48.13998377020233      -159.7596450881532                       0                       0                       0                       0                       0                       0                       0

 55       322.8790873215724      -164.7646766845402                       0        -408.93586845209       505.7756492827761                       0                       0                       0                       0                       0                       0                       0                       0                       0                       0                       0                       0                       0       731.8149557736624      -670.5403259673163                       0                       0                       0                       0                       0                       0                       0
 56       360.3158019105363      -310.5078563397013                       0      -182.7646617596392       466.6013132302041                       0                       0                       0                       0                       0                       0                       0                       0                       0                       0                       0                       0                       0       543.0804636701755      -777.1091695699055                       0                       0                       0                       0                       0                       0                       0
 57       156.9493171386188      -205.5263215464993                       0      -23.71525145393037       180.6875578850772                       0                       0                       0                       0                       0                       0                       0                       0                       0                       0                       0                       0                       0       180.6645685925492      -386.2138794315765                       0                       0                       0                       0                       0                       0                       0
 58       66.68969571035028      -202.6213580277595                       0        85.4215247183588      -224.8935977984379                       0                       0                       0                       0                       0                       0                       0                       0                       0                       0                       0                       0                       0      -18.73182900800852       22.27223977067844                       0                       0                       0                       0                       0                       0                       0

 61      -238.1579236217628        561.979287662218                       0       565.3918633541675      -266.2539656535882                       0                       0                       0                       0                       0                       0                       0                       0                       0                       0                       0                       0                       0      -803.5497869759304       828.2332533158062                       0                       0                       0                       0                       0                       0                       0
 62       4.675288112563749       384.5967320239489                       0       352.8602467855495      -237.7967122470875                       0                       0                       0                       0                       0                       0                       0                       0                       0                       0                       0                       0                       0      -348.1849586729857       622.3934442710364                       0                       0                       0                       0                       0                       0                       0
 63      -12.82162264274751       226.3517467952359                       0       148.9591452709165      -205.0889575578752                       0                       0                       0                       0                       0                       0                       0                       0                       0                       0                       0                       0                       0       -161.780767913664       431.4407043531111                       0                       0                       0                       0                       0                       0                       0
 64      -7.125950569608136       37.95425902441718                       0       39.91411812252625      -119.3935763355444                       0                       0                       0                       0                       0                       0                       0                       0                       0                       0                       0                       0                       0      -47.04006869213438       157.3478353599616                       0                       0                       0                       0                       0                       0                       0
