#cp                total::x                total::y                total::z                 flow::x                 flow::y                 flow::z                 dSdb::x                 dSdb::y                 dSdb::z                 dndb::x                 dndb::y                 dndb::z           dxdbDirect::x           dxdbDirect::y           dxdbDirect::z                 dVdb::x                 dVdb::y                 dVdb::z             distance::x             distance::y             distance::z              options::x              options::y              options::z                 dvdb::x                 dvdb::y                 dvdb::z

 43       141.4464724394467      -215.0470387890363                       0      -43.45700020272282       61.98381561582504                       0                       0                       0                       0                       0                       0                       0                       0                       0                       0                       0                       0                       0       184.9034726421696      -277.0308544048613                       0                       0                       0                       0                       0                       0                       0
 44       62.45995735622355      -101.0397193515051                       0      -83.57369102553992       114.6882508768656                       0                       0                       0                       0                       0                       0                       0                       0                       0                       0                       0                       0                       0       146.0336483817635      -215.7279702283707                       0                       0                       0                       0                       0                       0                       0
 45       18.89349682163346      -42.47752859044897                       0      -69.70712008195505       98.71303098144381                       0                       0                       0                       0                       0                       0                       0                       0                       0                       0                       0                       0                       0       88.60061690358852      -141.1905595718928                       0                       0                       0                       0                       0                       0                       0
 46       13.24133187703998        -37.282229477456                       0      -31.34134825347303       50.99042680653633                       0                       0                       0                       0                       0                       0                       0                       0                       0                       0                       0                       0                       0       44.58268013051301      -88.27265628399233                       0                       0                       0                       0                       0                       0                       0

 49       130.7242538991503      -217.3115310175778                       0      -199.9754672770984       -31.9080177392065                       0                       0                       0                       0                       0                       0                       0                       0                       0                       0                       0                       0                       0       330.6997211762487      -185.4035132783713                       0                       0                       0                       0                       0                       0                       0
 50       60.67918905093427      -75.84117762713774                       0      -30.70914854976439       60.35535900730326                       0                       0                       0                       0                       0                       0                       0                       0                       0                       0                       0                       0                       0       91.38833760069866       -136.196536634441                       0                       0                       0                       0                       0                       0                       0
 51       26.65440726778606       -78.0602636236172                       0      -28.88124264227986       101.9224312044753                       0                       0                       0                       0                       0                       0                       0                       0                       0                       0                       0                       0                       0       55.53564991006591      -179.9826948280925                       0                       0                       0                       0                       0                       0                       0
 52       59.56882419712421      -200.6637331728134                       0       10.86593531451706      -38.93452965539797                       0                       0                       0                       0                       0                       0                       0                       0                       0                       0                       0                       0                       0       48.70288888260716      -161.7292035174155                       0                       0                       0                       0                       0                       0                       0

 55       328.7681212039545      -173.4570639413133                       0      -410.2413587216785       505.3520999669352                       0                       0                       0                       0                       0                       0                       0                       0                       0                       0                       0                       0                       0       739.0094799256331      -678.8091639082485                       0                       0                       0                       0                       0                       0                       0
 56       359.2015132937267      -308.8039661228721                       0      -190.5809014476715       476.0035353145598                       0                       0                       0                       0                       0                       0                       0                       0                       0                       0                       0                       0                       0       549.7824147413983      -784.8075014374318                       0                       0                       0                       0                       0                       0                       0
 57       155.2385691206946      -199.9110395441375                       0      -28.44231291238398       191.0634517583978                       0                       0                       0                       0                       0                       0                       0                       0                       0                       0                       0                       0                       0       183.6808820330786      -390.9744913025353                       0                       0                       0                       0                       0                       0                       0
 58       65.59004367137487      -198.8083185987804                       0       83.79843957749131      -219.8569988406475                       0                       0                       0                       0                       0                       0                       0                       0                       0                       0                       0                       0                       0      -18.20839590611643       21.04868024186712                       0                       0                       0                       0                       0                       0                       0

 61      -234.2519497613281       552.6223808467696                       0       577.0487751212036      -283.9497137721874                       0                       0                       0                       0                       0                       0                       0                       0                       0                       0                       0                       0                       0      -811.3007248825317        836.572094618957                       0                       0                       0                       0                       0                       0                       0
 62     -0.0198008255899822       387.9992942930166                       0       353.1084203553688      -241.2978813449878                       0                       0                       0                       0                       0                       0                       0                       0                       0                       0                       0                       0                       0      -353.1282211809588       629.2971756380044                       0                       0                       0                       0                       0                       0                       0
 63        -15.811138686048       232.2580416113007                       0       148.5672575121465      -204.8269723621451                       0                       0                       0                       0                       0                       0                       0                       0                       0                       0                       0                       0                       0      -164.3783961981945       437.0850139734458                       0                       0                       0                       0                       0                       0                       0
 64      -7.880550965835454       40.86816563305899                       0       39.86956795853519      -118.7965615594685                       0                       0                       0                       0                       0                       0                       0                       0                       0                       0                       0                       0                       0      -47.75011892437064       159.6647271925275                       0                       0                       0                       0                       0                       0                       0
