#cp                total::x                total::y                total::z                 flow::x                 flow::y                 flow::z                 dSdb::x                 dSdb::y                 dSdb::z                 dndb::x                 dndb::y                 dndb::z           dxdbDirect::x           dxdbDirect::y           dxdbDirect::z                 dVdb::x                 dVdb::y                 dVdb::z             distance::x             distance::y             distance::z              options::x              options::y              options::z                 dvdb::x                 dvdb::y                 dvdb::z

 43        3.29626586103585      -4.901465504484822                       0                       0                       0                       0       1.648132930517925       -2.45073275224241                       0                       0                       0                       0       1.648132930517925      -2.450732752242411                       0                       0                       0                       0                       0                       0                       0                       0                       0                       0                       0                       0                       0
 44       4.323055235706221      -6.431955136910651                       0                       0                       0                       0       2.161527617853109      -3.215977568455324                       0                       0                       0                       0       2.161527617853113      -3.215977568455327                       0                       0                       0                       0                       0                       0                       0                       0                       0                       0                       0                       0                       0
 45       3.271396446288124      -5.233497745641841                       0                       0                       0                       0       1.635698223144062      -2.616748872820921                       0                       0                       0                       0       1.635698223144062      -2.616748872820921                       0                       0                       0                       0                       0                       0                       0                       0                       0                       0                       0                       0                       0
 46       1.380695605109361      -2.547169674264014                       0                       0                       0                       0      0.6903478025546798      -1.273584837132007                       0                       0                       0                       0       0.690347802554681      -1.273584837132006                       0                       0                       0                       0                       0                       0                       0                       0                       0                       0                       0                       0                       0

 49       3.996813574025885      -7.520631391071827                       0                       0                       0                       0        1.99840678701294      -3.760315695535916                       0                       0                       0                       0       1.998406787012945      -3.760315695535912                       0                       0                       0                       0                       0                       0                       0                       0                       0                       0                       0                       0                       0
 50       5.171249842819169      -7.600359042725476                       0                       0                       0                       0       2.585624921409585      -3.800179521362735                       0                       0                       0                       0       2.585624921409584      -3.800179521362741                       0                       0                       0                       0                       0                       0                       0                       0                       0                       0                       0                       0                       0
 51       5.149946747918109      -7.280620538305318                       0                       0                       0                       0       2.574973373959053      -3.640310269152661                       0                       0                       0                       0       2.574973373959055      -3.640310269152657                       0                       0                       0                       0                       0                       0                       0                       0                       0                       0                       0                       0                       0
 52       4.107279750814262      -5.521916154705889                       0                       0                       0                       0        2.05363987540713      -2.760958077352941                       0                       0                       0                       0       2.053639875407133      -2.760958077352949                       0                       0                       0                       0                       0                       0                       0                       0                       0                       0                       0                       0                       0

 55      -5.842318443433252       4.524414215333673                       0                       0                       0                       0      -2.921159221716626       2.262207107666837                       0                       0                       0                       0      -2.921159221716625       2.262207107666836                       0                       0                       0                       0                       0                       0                       0                       0                       0                       0                       0                       0                       0
 56      -3.324025667616124       5.822677505927773                       0                       0                       0                       0      -1.662012833808062       2.911338752963885                       0                       0                       0                       0      -1.662012833808062       2.911338752963887                       0                       0                       0                       0                       0                       0                       0                       0                       0                       0                       0                       0                       0
 57      -1.723002463163981       6.885241581257493                       0                       0                       0                       0     -0.8615012315819904       3.442620790628748                       0                       0                       0                       0     -0.8615012315819903       3.442620790628745                       0                       0                       0                       0                       0                       0                       0                       0                       0                       0                       0                       0                       0
 58    -0.05856456568257706       5.361570559133146                       0                       0                       0                       0    -0.02928228284128753       2.680785279566572                       0                       0                       0                       0    -0.02928228284128953       2.680785279566573                       0                       0                       0                       0                       0                       0                       0                       0                       0                       0                       0                       0                       0

 61      -6.825857689965254       7.467078239545877                       0                       0                       0                       0      -3.412928844982626       3.733539119772939                       0                       0                       0                       0      -3.412928844982628       3.733539119772939                       0                       0                       0                       0                       0                       0                       0                       0                       0                       0                       0                       0                       0
 62      -4.955971795442931       7.857895899891856                       0                       0                       0                       0      -2.477985897721465       3.928947949945926                       0                       0                       0                       0      -2.477985897721466        3.92894794994593                       0                       0                       0                       0                       0                       0                       0                       0                       0                       0                       0                       0                       0
 63      -2.282422831175574       5.566644262375348                       0                       0                       0                       0      -1.141211415587786       2.783322131187675                       0                       0                       0                       0      -1.141211415587788       2.783322131187674                       0                       0                       0                       0                       0                       0                       0                       0                       0                       0                       0                       0                       0
 64     -0.7231610367366468       2.723724657256442                       0                       0                       0                       0     -0.3615805183683237       1.361862328628221                       0                       0                       0                       0     -0.3615805183683231       1.361862328628221                       0                       0                       0                       0                       0                       0                       0                       0                       0                       0                       0                       0                       0
