#cp                total::x                total::y                total::z                 flow::x                 flow::y                 flow::z                 dSdb::x                 dSdb::y                 dSdb::z                 dndb::x                 dndb::y                 dndb::z           dxdbDirect::x           dxdbDirect::y           dxdbDirect::z                 dVdb::x                 dVdb::y                 dVdb::z             distance::x             distance::y             distance::z              options::x              options::y              options::z                 dvdb::x                 dvdb::y                 dvdb::z

 43       141.7401392869715      -215.3462554508328                       0      -43.56482872090987       62.34939674990991                       0                       0                       0                       0                       0                       0                       0                       0                       0                       0                       0                       0                       0       185.3049680078814      -277.6956522007427                       0                       0                       0                       0                       0                       0                       0
 44       62.21000789111821      -100.6412628025767                       0       -83.7937366560721       114.9424341125547                       0                       0                       0                       0                       0                       0                       0                       0                       0                       0                       0                       0                       0       146.0037445471903      -215.5836969151314                       0                       0                       0                       0                       0                       0                       0
 45         18.209567639979      -41.40298496196911                       0      -69.76969714007043       98.80786610941936                       0                       0                       0                       0                       0                       0                       0                       0                       0                       0                       0                       0                       0       87.97926478004943      -140.2108510713885                       0                       0                       0                       0                       0                       0                       0
 46       13.18100496682337      -37.15436089518387                       0      -31.30939960255432       51.02005176706189                       0                       0                       0                       0                       0                       0                       0                       0                       0                       0                       0                       0                       0       44.49040456937769      -88.17441266224576                       0                       0                       0                       0                       0                       0                       0

 49       130.4614270062306      -216.8550214248573                       0      -198.8490224960519      -32.78646709906516                       0                       0                       0                       0                       0                       0                       0                       0                       0                       0                       0                       0                       0       329.3104495022825      -184.0685543257922                       0                       0                       0                       0                       0                       0                       0
 50       60.67546539038261       -75.8957578131515                       0       -30.2104066860303       59.79009422575803                       0                       0                       0                       0                       0                       0                       0                       0                       0                       0                       0                       0                       0       90.88587207641291      -135.6858520389095                       0                       0                       0                       0                       0                       0                       0
 51       26.68202144026093      -78.29262885712495                       0      -28.74594322053736        101.218749827558                       0                       0                       0                       0                       0                       0                       0                       0                       0                       0                       0                       0                       0       55.42796466079828      -179.5113786846829                       0                       0                       0                       0                       0                       0                       0
 52       59.84492465850757      -201.1059636823443                       0       11.25923502609521      -39.89946416207334                       0                       0                       0                       0                       0                       0                       0                       0                       0                       0                       0                       0                       0       48.58568963241236       -161.206499520271                       0                       0                       0                       0                       0                       0                       0

 55       326.6901112104978      -170.4871667588827                       0      -409.4430462431717       505.0508974255472                       0                       0                       0                       0                       0                       0                       0                       0                       0                       0                       0                       0                       0       736.1331574536695      -675.5380641844299                       0                       0                       0                       0                       0                       0                       0
 56       359.3866357387946      -309.1133858646172                       0       -188.007908231959       472.9583580921273                       0                       0                       0                       0                       0                       0                       0                       0                       0                       0                       0                       0                       0       547.3945439707536      -782.0717439567445                       0                       0                       0                       0                       0                       0                       0
 57       155.7270591765749      -201.6242266266548                       0      -27.03849058286124       187.8911018512092                       0                       0                       0                       0                       0                       0                       0                       0                       0                       0                       0                       0                       0       182.7655497594361       -389.515328477864                       0                       0                       0                       0                       0                       0                       0
 58       65.94796130601117      -200.0596054846341                       0        84.4262252664555      -221.7449447958406                       0                       0                       0                       0                       0                       0                       0                       0                       0                       0                       0                       0                       0      -18.47826396044434       21.68533931120655                       0                       0                       0                       0                       0                       0                       0

 61      -234.9786254665281       555.0375078980322                       0        573.439028682878      -278.4455116513022                       0                       0                       0                       0                       0                       0                       0                       0                       0                       0                       0                       0                       0      -808.4176541494061       833.4830195493345                       0                       0                       0                       0                       0                       0                       0
 62         1.4559887333603       386.9624825560985                       0       352.8840337971409       -239.963196896488                       0                       0                       0                       0                       0                       0                       0                       0                       0                       0                       0                       0                       0      -351.4280450637806       626.9256794525866                       0                       0                       0                       0                       0                       0                       0
 63      -14.93403926085338       230.4833244643887                       0       148.5686212348289      -204.6976700466445                       0                       0                       0                       0                       0                       0                       0                       0                       0                       0                       0                       0                       0      -163.5026604956822       435.1809945110332                       0                       0                       0                       0                       0                       0                       0
 64      -7.640015356221134       39.91358078683572                       0       39.88738966800531      -119.0054385311885                       0                       0                       0                       0                       0                       0                       0                       0                       0                       0                       0                       0                       0      -47.52740502422645       158.9190193180242                       0                       0                       0                       0                       0                       0                       0
