#cp                total::x                total::y                total::z                 flow::x                 flow::y                 flow::z                 dSdb::x                 dSdb::y                 dSdb::z                 dndb::x                 dndb::y                 dndb::z           dxdbDirect::x           dxdbDirect::y           dxdbDirect::z                 dVdb::x                 dVdb::y                 dVdb::z             distance::x             distance::y             distance::z              options::x              options::y              options::z                 dvdb::x                 dvdb::y                 dvdb::z

 43        3.29667820658219      -4.900831968157676                       0                       0                       0                       0       1.648339103291095      -2.450415984078838                       0                       0                       0                       0       1.648339103291095      -2.450415984078838                       0                       0                       0                       0                       0                       0                       0                       0                       0                       0                       0                       0                       0
 44       4.323975177190833      -6.430687808216616                       0                       0                       0                       0       2.161987588595417      -3.215343904108309                       0                       0                       0                       0       2.161987588595416      -3.215343904108307                       0                       0                       0                       0                       0                       0                       0                       0                       0                       0                       0                       0                       0
 45       3.270921998691138      -5.233063934798039                       0                       0                       0                       0        1.63546099934557      -2.616531967399017                       0                       0                       0                       0       1.635460999345568      -2.616531967399022                       0                       0                       0                       0                       0                       0                       0                       0                       0                       0                       0                       0                       0
 46       1.380223883247746       -2.54722884815039                       0                       0                       0                       0      0.6901119416238729      -1.273614424075196                       0                       0                       0                       0      0.6901119416238727      -1.273614424075195                       0                       0                       0                       0                       0                       0                       0                       0                       0                       0                       0                       0                       0

 49       3.996103002582576      -7.519834539314282                       0                       0                       0                       0       1.998051501291287       -3.75991726965714                       0                       0                       0                       0       1.998051501291289      -3.759917269657142                       0                       0                       0                       0                       0                       0                       0                       0                       0                       0                       0                       0                       0
 50       5.172562267264976      -7.598971300068063                       0                       0                       0                       0       2.586281133632488      -3.799485650034033                       0                       0                       0                       0       2.586281133632488       -3.79948565003403                       0                       0                       0                       0                       0                       0                       0                       0                       0                       0                       0                       0                       0
 51        5.14910813210793      -7.280927809575818                       0                       0                       0                       0       2.574554066053964      -3.640463904787906                       0                       0                       0                       0       2.574554066053966      -3.640463904787912                       0                       0                       0                       0                       0                       0                       0                       0                       0                       0                       0                       0                       0
 52       4.105733667325595      -5.523002873660962                       0                       0                       0                       0       2.052866833662798      -2.761501436830486                       0                       0                       0                       0       2.052866833662797      -2.761501436830476                       0                       0                       0                       0                       0                       0                       0                       0                       0                       0                       0                       0                       0

 55      -5.844419079427132       4.525467595833584                       0                       0                       0                       0      -2.922209539713566       2.262733797916792                       0                       0                       0                       0      -2.922209539713566       2.262733797916792                       0                       0                       0                       0                       0                       0                       0                       0                       0                       0                       0                       0                       0
 56      -3.320465931371132       5.823034562416192                       0                       0                       0                       0      -1.660232965685566       2.911517281208096                       0                       0                       0                       0      -1.660232965685566       2.911517281208095                       0                       0                       0                       0                       0                       0                       0                       0                       0                       0                       0                       0                       0
 57      -1.720114661433649       6.882982777263038                       0                       0                       0                       0     -0.8600573307168241       3.441491388631521                       0                       0                       0                       0     -0.8600573307168253       3.441491388631518                       0                       0                       0                       0                       0                       0                       0                       0                       0                       0                       0                       0                       0
 58    -0.05950222841247743       5.359222803298707                       0                       0                       0                       0    -0.02975111420623744       2.679611401649351                       0                       0                       0                       0    -0.02975111420623999       2.679611401649357                       0                       0                       0                       0                       0                       0                       0                       0                       0                       0                       0                       0                       0

 61      -6.826653031413704       7.468238425790753                       0                       0                       0                       0      -3.413326515706851       3.734119212895376                       0                       0                       0                       0      -3.413326515706853       3.734119212895378                       0                       0                       0                       0                       0                       0                       0                       0                       0                       0                       0                       0                       0
 62      -4.952218778519256       7.858656032417413                       0                       0                       0                       0      -2.476109389259626       3.929328016208706                       0                       0                       0                       0       -2.47610938925963       3.929328016208707                       0                       0                       0                       0                       0                       0                       0                       0                       0                       0                       0                       0                       0
 63       -2.27963461776264       5.565705786081489                       0                       0                       0                       0       -1.13981730888132       2.782852893040744                       0                       0                       0                       0       -1.13981730888132       2.782852893040745                       0                       0                       0                       0                       0                       0                       0                       0                       0                       0                       0                       0                       0
 64     -0.7230134085925299       2.723016643416233                       0                       0                       0                       0     -0.3615067042962652       1.361508321708116                       0                       0                       0                       0     -0.3615067042962647       1.361508321708117                       0                       0                       0                       0                       0                       0                       0                       0                       0                       0                       0                       0                       0
