#cp                total::x                total::y                total::z                 flow::x                 flow::y                 flow::z                 dSdb::x                 dSdb::y                 dSdb::z                 dndb::x                 dndb::y                 dndb::z           dxdbDirect::x           dxdbDirect::y           dxdbDirect::z                 dVdb::x                 dVdb::y                 dVdb::z             distance::x             distance::y             distance::z              options::x              options::y              options::z                 dvdb::x                 dvdb::y                 dvdb::z

 43        141.411186389225      -215.1478290844318                       0      -43.32349422377564       61.61808257500265                       0                       0                       0                       0                       0                       0                       0                       0                       0                       0                       0                       0                       0       184.7346806130006      -276.7659116594344                       0                       0                       0                       0                       0                       0                       0
 44       62.61237489285031      -101.3017196939803                       0      -83.29399829938322       114.3151070225441                       0                       0                       0                       0                       0                       0                       0                       0                       0                       0                       0                       0                       0       145.9063731922335      -215.6168267165244                       0                       0                       0                       0                       0                       0                       0
 45       18.99013290952639      -42.58786043609103                       0      -69.61965281850871       98.61542365562946                       0                       0                       0                       0                       0                       0                       0                       0                       0                       0                       0                       0                       0       88.60978572803511      -141.2032840917205                       0                       0                       0                       0                       0                       0                       0
 46       13.18153472428357      -37.18983967741947                       0      -31.34607430216931       50.95467679800754                       0                       0                       0                       0                       0                       0                       0                       0                       0                       0                       0                       0                       0       44.52760902645289      -88.14451647542701                       0                       0                       0                       0                       0                       0                       0

 49          130.7122461772      -217.6349788768678                       0      -200.8331557801034      -31.31289170306392                       0                       0                       0                       0                       0                       0                       0                       0                       0                       0                       0                       0                       0       331.5454019573034      -186.3220871738039                       0                       0                       0                       0                       0                       0                       0
 50       60.71787178820171       -75.8690372386958                       0      -31.28407865084245       61.08397602566856                       0                       0                       0                       0                       0                       0                       0                       0                       0                       0                       0                       0                       0       92.00195043904415      -136.9530132643644                       0                       0                       0                       0                       0                       0                       0
 51       26.51132882267722      -77.54600108711031                       0      -29.45277147249635       103.3813665352891                       0                       0                       0                       0                       0                       0                       0                       0                       0                       0                       0                       0                       0       55.96410029517357      -180.9273676223994                       0                       0                       0                       0                       0                       0                       0
 52       59.34554304097718      -200.2486178255771                       0       10.51292386893249      -38.00117230860548                       0                       0                       0                       0                       0                       0                       0                       0                       0                       0                       0                       0                       0       48.83261917204469      -162.2474455169717                       0                       0                       0                       0                       0                       0                       0

 55       329.9111095806408      -175.3337377197587                       0      -410.6141818628572       505.2255640943058                       0                       0                       0                       0                       0                       0                       0                       0                       0                       0                       0                       0                       0        740.525291443498      -680.5593018140645                       0                       0                       0                       0                       0                       0                       0
 56       358.5526608711044      -308.0200267770132                       0      -193.0693215457574       478.8934374825823                       0                       0                       0                       0                       0                       0                       0                       0                       0                       0                       0                       0                       0       551.6219824168618      -786.9134642595956                       0                       0                       0                       0                       0                       0                       0
 57       154.7121747387944      -198.1325706419597                       0      -29.99186032751319       194.4368042246192                       0                       0                       0                       0                       0                       0                       0                       0                       0                       0                       0                       0                       0       184.7040350663076      -392.5693748665789                       0                       0                       0                       0                       0                       0                       0
 58       65.29051451808988      -197.6292232937072                       0       83.22828553841771      -218.0744515879296                       0                       0                       0                       0                       0                       0                       0                       0                       0                       0                       0                       0                       0      -17.93777102032783        20.4452282942224                       0                       0                       0                       0                       0                       0                       0

 61      -233.0512921516015        549.771717482472                       0        580.265344052521      -288.9959508678812                       0                       0                       0                       0                       0                       0                       0                       0                       0                       0                       0                       0                       0      -813.3166362041225       838.7676683503532                       0                       0                       0                       0                       0                       0                       0
 62      -1.490303717280028       388.8644932093562                       0       353.1436557350451      -242.4967491578512                       0                       0                       0                       0                       0                       0                       0                       0                       0                       0                       0                       0                       0      -354.6339594523251       631.3612423672074                       0                       0                       0                       0                       0                       0                       0
 63      -16.69078474792059       233.9443596684097                       0       148.5024693874714      -204.8732768727201                       0                       0                       0                       0                       0                       0                       0                       0                       0                       0                       0                       0                       0       -165.193254135392       438.8176365411298                       0                       0                       0                       0                       0                       0                       0
 64      -8.107731863469141       41.76595712381584                       0       39.85166582936415      -118.5992008704816                       0                       0                       0                       0                       0                       0                       0                       0                       0                       0                       0                       0                       0      -47.95939769283329       160.3651579942974                       0                       0                       0                       0                       0                       0                       0
