#cp                total::x                total::y                total::z                 flow::x                 flow::y                 flow::z                 dSdb::x                 dSdb::y                 dSdb::z                 dndb::x                 dndb::y                 dndb::z           dxdbDirect::x           dxdbDirect::y           dxdbDirect::z                 dVdb::x                 dVdb::y                 dVdb::z             distance::x             distance::y             distance::z              options::x              options::y              options::z                 dvdb::x                 dvdb::y                 dvdb::z

 43       3.297892974215852      -4.898942562827989                       0                       0                       0                       0       1.648946487107926      -2.449471281413995                       0                       0                       0                       0       1.648946487107926      -2.449471281413995                       0                       0                       0                       0                       0                       0                       0                       0                       0                       0                       0                       0                       0
 44       4.326693097679508       -6.42690287645194                       0                       0                       0                       0       2.163346548839753      -3.213451438225971                       0                       0                       0                       0       2.163346548839754      -3.213451438225969                       0                       0                       0                       0                       0                       0                       0                       0                       0                       0                       0                       0                       0
 45       3.269447874769695       -5.23178820487065                       0                       0                       0                       0       1.634723937384849      -2.615894102435322                       0                       0                       0                       0       1.634723937384846      -2.615894102435328                       0                       0                       0                       0                       0                       0                       0                       0                       0                       0                       0                       0                       0
 46        1.37879201175824      -2.547416292578916                       0                       0                       0                       0      0.6893960058791201       -1.27370814628946                       0                       0                       0                       0      0.6893960058791194      -1.273708146289456                       0                       0                       0                       0                       0                       0                       0                       0                       0                       0                       0                       0                       0

 49       3.993910379977783      -7.517474065036149                       0                       0                       0                       0       1.996955189988892      -3.758737032518074                       0                       0                       0                       0       1.996955189988891      -3.758737032518075                       0                       0                       0                       0                       0                       0                       0                       0                       0                       0                       0                       0                       0
 50       5.176469213444653      -7.594824580358845                       0                       0                       0                       0       2.588234606722329      -3.797412290179422                       0                       0                       0                       0       2.588234606722324      -3.797412290179423                       0                       0                       0                       0                       0                       0                       0                       0                       0                       0                       0                       0                       0
 51       5.146497794186105       -7.28190666379249                       0                       0                       0                       0       2.573248897093054      -3.640953331896243                       0                       0                       0                       0        2.57324889709305      -3.640953331896247                       0                       0                       0                       0                       0                       0                       0                       0                       0                       0                       0                       0                       0
 52       4.101004060025122      -5.526305524118174                       0                       0                       0                       0       2.050502030012562      -2.763152762059089                       0                       0                       0                       0        2.05050203001256      -2.763152762059085                       0                       0                       0                       0                       0                       0                       0                       0                       0                       0                       0                       0                       0

 55      -5.850690333745527       4.528672829098676                       0                       0                       0                       0      -2.925345166872764       2.264336414549337                       0                       0                       0                       0      -2.925345166872763       2.264336414549339                       0                       0                       0                       0                       0                       0                       0                       0                       0                       0                       0                       0                       0
 56      -3.309548614746807        5.82420255243251                       0                       0                       0                       0      -1.654774307373403       2.912101276216255                       0                       0                       0                       0      -1.654774307373404       2.912101276216255                       0                       0                       0                       0                       0                       0                       0                       0                       0                       0                       0                       0                       0
 57      -1.711414913062796       6.876181966294484                       0                       0                       0                       0     -0.8557074565313987       3.438090983147238                       0                       0                       0                       0     -0.8557074565313969       3.438090983147246                       0                       0                       0                       0                       0                       0                       0                       0                       0                       0                       0                       0                       0
 58    -0.06244442026258978       5.352123445412097                       0                       0                       0                       0    -0.03122221013129423       2.676061722706049                       0                       0                       0                       0    -0.03122221013129556       2.676061722706049                       0                       0                       0                       0                       0                       0                       0                       0                       0                       0                       0                       0                       0

 61      -6.828886392669531       7.471833814909475                       0                       0                       0                       0      -3.414443196334767       3.735916907454739                       0                       0                       0                       0      -3.414443196334763       3.735916907454736                       0                       0                       0                       0                       0                       0                       0                       0                       0                       0                       0                       0                       0
 62      -4.940637947129285       7.861084852652386                       0                       0                       0                       0      -2.470318973564644       3.930542426326193                       0                       0                       0                       0      -2.470318973564641       3.930542426326193                       0                       0                       0                       0                       0                       0                       0                       0                       0                       0                       0                       0                       0
 63      -2.271163537283586       5.562910967083983                       0                       0                       0                       0      -1.135581768641793       2.781455483541991                       0                       0                       0                       0      -1.135581768641792       2.781455483541992                       0                       0                       0                       0                       0                       0                       0                       0                       0                       0                       0                       0                       0
 64     -0.7225957491121113       2.720878302149695                       0                       0                       0                       0     -0.3612978745560552       1.360439151074848                       0                       0                       0                       0     -0.3612978745560561       1.360439151074847                       0                       0                       0                       0                       0                       0                       0                       0                       0                       0                       0                       0                       0
