#cp                total::x                total::y                total::z                 flow::x                 flow::y                 flow::z                 dSdb::x                 dSdb::y                 dSdb::z                 dndb::x                 dndb::y                 dndb::z           dxdbDirect::x           dxdbDirect::y           dxdbDirect::z                 dVdb::x                 dVdb::y                 dVdb::z             distance::x             distance::y             distance::z              options::x              options::y              options::z                 dvdb::x                 dvdb::y                 dvdb::z

 43      -16.15439806378826       27.26743184534673                       0       18.43745972695015      -24.97971457546756                       0                       0                       0                       0                       0                       0                       0                       0                       0                       0                       0                       0                       0       -34.5918577907384       52.24714642081429                       0                       0                       0                       0                       0                       0                       0
 44       -6.53783754804321       10.86186995291016                       0       20.43101841087179      -28.90488625973239                       0                       0                       0                       0                       0                       0                       0                       0                       0                       0                       0                       0                       0        -26.968855958915       39.76675621264256                       0                       0                       0                       0                       0                       0                       0
 45      -2.597253609089357       4.472053076813335                       0       13.05093908850131      -20.28436731060265                       0                       0                       0                       0                       0                       0                       0                       0                       0                       0                       0                       0                       0      -15.64819269759067       24.75642038741598                       0                       0                       0                       0                       0                       0                       0
 46      -3.356693352553068       5.639483191576886                       0       4.157012029206044      -8.513351744126112                       0                       0                       0                       0                       0                       0                       0                       0                       0                       0                       0                       0                       0      -7.513705381759111         14.152834935703                       0                       0                       0                       0                       0                       0                       0

 49      -16.69080997756514       28.81065308762776                       0       27.83675546246782       7.852462891931845                       0                       0                       0                       0                       0                       0                       0                       0                       0                       0                       0                       0                       0      -44.52756544003297       20.95819019569591                       0                       0                       0                       0                       0                       0                       0
 50      -3.426323754055208       2.110882378857706                       0       5.180165910051301      -9.954728149048606                       0                       0                       0                       0                       0                       0                       0                       0                       0                       0                       0                       0                       0      -8.606489664106508       12.06561052790631                       0                       0                       0                       0                       0                       0                       0
 51       2.323064047635852      -1.784405682010497                       0       7.196752061298866      -20.16843000211338                       0                       0                       0                       0                       0                       0                       0                       0                       0                       0                       0                       0                       0      -4.873688013663014       18.38402432010288                       0                       0                       0                       0                       0                       0                       0
 52      -5.397793336972595       8.510364355457449                       0      0.2325049308789175      -6.777933225389518                       0                       0                       0                       0                       0                       0                       0                       0                       0                       0                       0                       0                       0      -5.630298267851512       15.28829758084697                       0                       0                       0                       0                       0                       0                       0

 55      -46.85989877109176       20.69980335826027                       0       56.23023142952285      -69.61647021472771                       0                       0                       0                       0                       0                       0                       0                       0                       0                       0                       0                       0                       0      -103.0901302006146       90.31627357298798                       0                       0                       0                       0                       0                       0                       0
 56       -50.6462118759117       37.92312242127477                       0       23.02942666274652      -65.58868766577646                       0                       0                       0                       0                       0                       0                       0                       0                       0                       0                       0                       0                       0      -73.67563853865822       103.5118100870512                       0                       0                       0                       0                       0                       0                       0
 57      -18.78601863041275       18.34020070958971                       0        3.46471448692435      -29.41311322617202                       0                       0                       0                       0                       0                       0                       0                       0                       0                       0                       0                       0                       0       -22.2507331173371       47.75331393576172                       0                       0                       0                       0                       0                       0                       0
 58     -0.2254799058417114      -6.884494670328381                       0      -4.134048515270706      -2.179858225596945                       0                       0                       0                       0                       0                       0                       0                       0                       0                       0                       0                       0                       0       3.908568609428995      -4.704636444731436                       0                       0                       0                       0                       0                       0                       0

 61        31.7157681361939      -74.79067736992707                       0      -85.64265122865163       44.75667095439621                       0                       0                       0                       0                       0                       0                       0                       0                       0                       0                       0                       0                       0       117.3584193648455      -119.5473483243233                       0                       0                       0                       0                       0                       0                       0
 62      -2.306598678857085      -44.77846841569567                       0      -49.69904420566537       38.42965005905253                       0                       0                       0                       0                       0                       0                       0                       0                       0                       0                       0                       0                       0       47.39244552680829       -83.2081184747482                       0                       0                       0                       0                       0                       0                       0
 63       1.101018738577253      -23.60785275165509                       0      -19.17972106447462       29.72475992474625                       0                       0                       0                       0                       0                       0                       0                       0                       0                       0                       0                       0                       0       20.28073980305187      -53.33261267640135                       0                       0                       0                       0                       0                       0                       0
 64       3.563225595605337      -10.80294413448046                       0      -1.550676055867825       4.944869356319487                       0                       0                       0                       0                       0                       0                       0                       0                       0                       0                       0                       0                       0       5.113901651473162      -15.74781349079995                       0                       0                       0                       0                       0                       0                       0
