#cp                total::x                total::y                total::z                 flow::x                 flow::y                 flow::z                 dSdb::x                 dSdb::y                 dSdb::z                 dndb::x                 dndb::y                 dndb::z           dxdbDirect::x           dxdbDirect::y           dxdbDirect::z                 dVdb::x                 dVdb::y                 dVdb::z             distance::x             distance::y             distance::z              options::x              options::y              options::z                 dvdb::x                 dvdb::y                 dvdb::z

 43      -16.02474248033555       27.09208572978963                       0       18.52265162891374      -25.07224053237918                       0                       0                       0                       0                       0                       0                       0                       0                       0                       0                       0                       0                       0      -34.54739410924929       52.16432626216881                       0                       0                       0                       0                       0                       0                       0
 44       -6.36011370390268        10.6089671943203                       0       20.53686355966931      -29.07098459127678                       0                       0                       0                       0                       0                       0                       0                       0                       0                       0                       0                       0                       0      -26.89697726357199       39.67995178559708                       0                       0                       0                       0                       0                       0                       0
 45       -2.51660668570555       4.339639547740742                       0        13.1476814683017      -20.45937616467245                       0                       0                       0                       0                       0                       0                       0                       0                       0                       0                       0                       0                       0      -15.66428815400725       24.79901571241319                       0                       0                       0                       0                       0                       0                       0
 46      -3.382758832191932       5.647835058369298                       0       4.179974819998733      -8.565260694069593                       0                       0                       0                       0                       0                       0                       0                       0                       0                       0                       0                       0                       0      -7.562733652190666       14.21309575243889                       0                       0                       0                       0                       0                       0                       0

 49      -16.50599560279658       28.58612204291062                       0       27.79227222311845       7.801274908321735                       0                       0                       0                       0                       0                       0                       0                       0                       0                       0                       0                       0                       0      -44.29826782591503       20.78484713458888                       0                       0                       0                       0                       0                       0                       0
 50      -3.187122820168687       1.758122198163596                       0       5.358885819965053        -10.174710876375                       0                       0                       0                       0                       0                       0                       0                       0                       0                       0                       0                       0                       0       -8.54600864013374        11.9328330745386                       0                       0                       0                       0                       0                       0                       0
 51       2.576751175086601      -2.314307746847032                       0       7.368367365698759      -20.48183130367261                       0                       0                       0                       0                       0                       0                       0                       0                       0                       0                       0                       0                       0      -4.791616190612158       18.16752355682558                       0                       0                       0                       0                       0                       0                       0
 52      -5.692439947368433       8.928183919705802                       0    -0.07187553129580238      -6.258744424479005                       0                       0                       0                       0                       0                       0                       0                       0                       0                       0                       0                       0                       0       -5.62056441607263       15.18692834418481                       0                       0                       0                       0                       0                       0                       0

 55      -46.79804020531667       20.95926352643021                       0       55.59372644435302      -68.72840611184262                       0                       0                       0                       0                       0                       0                       0                       0                       0                       0                       0                       0                       0      -102.3917666496697       89.68766963827282                       0                       0                       0                       0                       0                       0                       0
 56      -50.07294512706292       37.33654604393422                       0       23.23677363814278      -65.57650532695109                       0                       0                       0                       0                       0                       0                       0                       0                       0                       0                       0                       0                       0       -73.3097187652057       102.9130513708853                       0                       0                       0                       0                       0                       0                       0
 57       -18.4123439248151       17.67666667365989                       0       3.694044885283773      -29.72063441245206                       0                       0                       0                       0                       0                       0                       0                       0                       0                       0                       0                       0                       0      -22.10638881009888       47.39730108611194                       0                       0                       0                       0                       0                       0                       0
 58     -0.4941434414744137      -6.326122576906375                       0      -4.495918432513463      -1.475398456547737                       0                       0                       0                       0                       0                       0                       0                       0                       0                       0                       0                       0                       0       4.001774991039049      -4.850724120358638                       0                       0                       0                       0                       0                       0                       0

 61       31.12554744527671      -73.54699095317716                       0      -85.63099498753945       45.41245555591559                       0                       0                       0                       0                       0                       0                       0                       0                       0                       0                       0                       0                       0       116.7565424328162      -118.9594465090927                       0                       0                       0                       0                       0                       0                       0
 62      -1.987283516145744       -44.5865327111252                       0      -49.18034286208982       38.19587814111905                       0                       0                       0                       0                       0                       0                       0                       0                       0                       0                       0                       0                       0       47.19305934594408      -82.78241085224425                       0                       0                       0                       0                       0                       0                       0
 63       1.240004978703016      -23.56727863337915                       0      -18.92752330177248       29.43240299051223                       0                       0                       0                       0                       0                       0                       0                       0                       0                       0                       0                       0                       0        20.1675282804755      -52.99968162389138                       0                       0                       0                       0                       0                       0                       0
 64       3.524536535794516      -10.65877214871313                       0      -1.561541442673274       4.980475499437489                       0                       0                       0                       0                       0                       0                       0                       0                       0                       0                       0                       0                       0        5.08607797846779      -15.63924764815062                       0                       0                       0                       0                       0                       0                       0
