#cp                total::x                total::y                total::z                 flow::x                 flow::y                 flow::z                 dSdb::x                 dSdb::y                 dSdb::z                 dndb::x                 dndb::y                 dndb::z           dxdbDirect::x           dxdbDirect::y           dxdbDirect::z                 dVdb::x                 dVdb::y                 dVdb::z             distance::x             distance::y             distance::z              options::x              options::y              options::z                 dvdb::x                 dvdb::y                 dvdb::z

 43      -10.21424139580637       21.79739054110957                       0       15.86438153980244      -16.93234664243334                       0                       0                       0                       0                       0                       0                       0                       0                       0                       0                       0                       0                       0      -26.07862293560881       38.72973718354292                       0                       0                       0                       0                       0                       0                       0
 44      -9.527054099973903       16.69466976989369                       0       13.65484656568043      -21.05698540275102                       0                       0                       0                       0                       0                       0                       0                       0                       0                       0                       0                       0                       0      -23.18190066565433       37.75165517264471                       0                       0                       0                       0                       0                       0                       0
 45      -4.283370404631548       6.549449168200908                       0       13.23205952514127      -22.06945904295117                       0                       0                       0                       0                       0                       0                       0                       0                       0                       0                       0                       0                       0      -17.51542992977281       28.61890821115207                       0                       0                       0                       0                       0                       0                       0
 46      -2.333989562293183       3.598735255719845                       0       5.013068941612687      -9.288527460174237                       0                       0                       0                       0                       0                       0                       0                       0                       0                       0                       0                       0                       0       -7.34705850390587       12.88726271589408                       0                       0                       0                       0                       0                       0                       0

 49      -19.97978445844311       35.54559356723047                       0       65.58654185535882      -28.84582408052934                       0                       0                       0                       0                       0                       0                       0                       0                       0                       0                       0                       0                       0      -85.56632631380192       64.39141764775981                       0                       0                       0                       0                       0                       0                       0
 50      -7.993332225961908       6.721731056971205                       0       16.20976720993121      -21.44744835581582                       0                       0                       0                       0                       0                       0                       0                       0                       0                       0                       0                       0                       0      -24.20309943589312       28.16917941278703                       0                       0                       0                       0                       0                       0                       0
 51       3.729402929015765      -10.54656220742326                       0       11.15886676128684      -32.77430823870463                       0                       0                       0                       0                       0                       0                       0                       0                       0                       0                       0                       0                       0       -7.42946383227108       22.22774603128138                       0                       0                       0                       0                       0                       0                       0
 52      -2.361069640388312      -2.160587162501471                       0       5.075864116108278      -23.08084875828195                       0                       0                       0                       0                       0                       0                       0                       0                       0                       0                       0                       0                       0       -7.43693375649659       20.92026159578047                       0                       0                       0                       0                       0                       0                       0

 55      -94.48761603320467       82.65974445521434                       0       108.1756735375969      -131.5983742291532                       0                       0                       0                       0                       0                       0                       0                       0                       0                       0                       0                       0                       0      -202.6632895708016       214.2581186843675                       0                       0                       0                       0                       0                       0                       0
 56      -55.07229391108092       49.16458581794481                       0       77.69590116106824      -127.0338030884936                       0                       0                       0                       0                       0                       0                       0                       0                       0                       0                       0                       0                       0      -132.7681950721492       176.1983889064384                       0                       0                       0                       0                       0                       0                       0
 57      -8.513216092637073      -2.640609500140783                       0        25.1727377180419      -64.38902775426118                       0                       0                       0                       0                       0                       0                       0                       0                       0                       0                       0                       0                       0      -33.68595381067897       61.74841825412039                       0                       0                       0                       0                       0                       0                       0
 58       5.552878132254367      -26.78898095203687                       0         3.0770789012347      -24.68052345135038                       0                       0                       0                       0                       0                       0                       0                       0                       0                       0                       0                       0                       0       2.475799231019667      -2.108457500686486                       0                       0                       0                       0                       0                       0                       0

 61       44.17408781967367      -72.49746188953407                       0      -162.7615599578448       154.0370353684175                       0                       0                       0                       0                       0                       0                       0                       0                       0                       0                       0                       0                       0       206.9356477775185      -226.5344972579516                       0                       0                       0                       0                       0                       0                       0
 62       13.64897530921783      -40.19724136323386                       0      -60.11568650068158       76.70959653007068                       0                       0                       0                       0                       0                       0                       0                       0                       0                       0                       0                       0                       0       73.76466180989941      -116.9068378933045                       0                       0                       0                       0                       0                       0                       0
 63       6.766590456755821      -23.38908700458844                       0      -18.48606728915047       37.37488015516129                       0                       0                       0                       0                       0                       0                       0                       0                       0                       0                       0                       0                       0       25.25265774590629      -60.76396715974973                       0                       0                       0                       0                       0                       0                       0
 64       4.532718327872501      -13.78201425944456                       0      -2.561850582703642       7.030660115904993                       0                       0                       0                       0                       0                       0                       0                       0                       0                       0                       0                       0                       0       7.094568910576142      -20.81267437534955                       0                       0                       0                       0                       0                       0                       0
