#cp                total::x                total::y                total::z                 flow::x                 flow::y                 flow::z                 dSdb::x                 dSdb::y                 dSdb::z                 dndb::x                 dndb::y                 dndb::z           dxdbDirect::x           dxdbDirect::y           dxdbDirect::z                 dVdb::x                 dVdb::y                 dVdb::z             distance::x             distance::y             distance::z              options::x              options::y              options::z                 dvdb::x                 dvdb::y                 dvdb::z

 43      -27.30836880726082       39.70840814649367                       0       40.39409713141323       -60.3605663902434                       0                       0                       0                       0                       0                       0                       0                       0                       0                       0                       0                       0                       0      -67.70246593867405       100.0689745367371                       0                       0                       0                       0                       0                       0                       0
 44      -7.864418889433836       11.09893182171781                       0       37.22537472164726      -48.54084347772493                       0                       0                       0                       0                       0                       0                       0                       0                       0                       0                       0                       0                       0      -45.08979361108109       59.63977529944274                       0                       0                       0                       0                       0                       0                       0
 45     -0.5069508059056282      0.9923215948375912                       0       16.23933000115289      -22.51431743212424                       0                       0                       0                       0                       0                       0                       0                       0                       0                       0                       0                       0                       0      -16.74628080705852       23.50663902696184                       0                       0                       0                       0                       0                       0                       0
 46      -3.562952702073969       5.943372085222263                       0       3.389681096494655      -7.056598590675776                       0                       0                       0                       0                       0                       0                       0                       0                       0                       0                       0                       0                       0      -6.952633798568624       12.99997067589804                       0                       0                       0                       0                       0                       0                       0

 49      -29.08981801050462       37.29146560870639                       0      -8.896690048119412        42.2090901137437                       0                       0                       0                       0                       0                       0                       0                       0                       0                       0                       0                       0                       0       -20.1931279623852      -4.917624505037306                       0                       0                       0                       0                       0                       0                       0
 50      -8.127500049964496       3.511649508012024                       0      -2.625138023452109       -7.56893448658343                       0                       0                       0                       0                       0                       0                       0                       0                       0                       0                       0                       0                       0      -5.502362026512386       11.08058399459545                       0                       0                       0                       0                       0                       0                       0
 51      -1.222164505412275       3.576504312732634                       0       9.475516083286493      -26.91241938742905                       0                       0                       0                       0                       0                       0                       0                       0                       0                       0                       0                       0                       0      -10.69768058869877       30.48892370016169                       0                       0                       0                       0                       0                       0                       0
 52      -14.55746274224923       39.52966601444523                       0      -7.897180890855168       25.21028225008058                       0                       0                       0                       0                       0                       0                       0                       0                       0                       0                       0                       0                       0      -6.660281851394059       14.31938376436464                       0                       0                       0                       0                       0                       0                       0

 55       -48.4168399308118       12.40079831296396                       0       40.18154892235206      -43.26230763411748                       0                       0                       0                       0                       0                       0                       0                       0                       0                       0                       0                       0                       0      -88.59838885316387       55.66310594708144                       0                       0                       0                       0                       0                       0                       0
 56      -65.66697877740924       29.57170265910382                       0       11.42575337877005      -69.04507710316204                       0                       0                       0                       0                       0                       0                       0                       0                       0                       0                       0                       0                       0       -77.0927321561793       98.61677976226586                       0                       0                       0                       0                       0                       0                       0
 57       -34.9250688366575       15.43983375747821                       0      -3.990391468323523      -46.11641618687582                       0                       0                       0                       0                       0                       0                       0                       0                       0                       0                       0                       0                       0      -30.93467736833398       61.55624994435404                       0                       0                       0                       0                       0                       0                       0
 58      -13.48186587746547       33.88174635134627                       0      -14.20883664831263       29.19341618533326                       0                       0                       0                       0                       0                       0                       0                       0                       0                       0                       0                       0                       0      0.7269707708471609       4.688330166013012                       0                       0                       0                       0                       0                       0                       0

 61       86.93700279841804      -138.5705026337014                       0      -22.49862651392959      -33.81119437619873                       0                       0                       0                       0                       0                       0                       0                       0                       0                       0                       0                       0                       0       109.4356293123476      -104.7593082575027                       0                       0                       0                       0                       0                       0                       0
 62       10.91636167352598      -88.94009393429528                       0       -40.9139305344262      -2.320987136404675                       0                       0                       0                       0                       0                       0                       0                       0                       0                       0                       0                       0                       0       51.83029220795218      -86.61910679789059                       0                       0                       0                       0                       0                       0                       0
 63     -0.3290593470712118      -50.92127432938017                       0      -30.97443913561585       24.88685547603808                       0                       0                       0                       0                       0                       0                       0                       0                       0                       0                       0                       0                       0       30.64537978854464      -75.80812980541825                       0                       0                       0                       0                       0                       0                       0
 64       4.912488605243343      -17.78353572761264                       0      -2.607950185526079       3.392802300757239                       0                       0                       0                       0                       0                       0                       0                       0                       0                       0                       0                       0                       0       7.520438790769422      -21.17633802836988                       0                       0                       0                       0                       0                       0                       0
