#cp                total::x                total::y                total::z                 flow::x                 flow::y                 flow::z                 dSdb::x                 dSdb::y                 dSdb::z                 dndb::x                 dndb::y                 dndb::z           dxdbDirect::x           dxdbDirect::y           dxdbDirect::z                 dVdb::x                 dVdb::y                 dVdb::z             distance::x             distance::y             distance::z              options::x              options::y              options::z                 dvdb::x                 dvdb::y                 dvdb::z

 43      -15.96402977790732       27.02827531140285                       0       18.54395770714213      -25.05810814075879                       0                       0                       0                       0                       0                       0                       0                       0                       0                       0                       0                       0                       0      -34.50798748504945       52.08638345216164                       0                       0                       0                       0                       0                       0                       0
 44      -6.238202443204464       10.43230335423561                       0       20.53148065416008      -29.07605008754877                       0                       0                       0                       0                       0                       0                       0                       0                       0                       0                       0                       0                       0      -26.76968309736454       39.50835344178437                       0                       0                       0                       0                       0                       0                       0
 45      -2.439925901341459       4.215714458701378                       0       13.14408181201179      -20.46793113324338                       0                       0                       0                       0                       0                       0                       0                       0                       0                       0                       0                       0                       0      -15.58400771335325       24.68364559194476                       0                       0                       0                       0                       0                       0                       0
 46      -3.384000155791943       5.642207026746656                       0       4.159284501153252      -8.524114083614222                       0                       0                       0                       0                       0                       0                       0                       0                       0                       0                       0                       0                       0      -7.543284656945195       14.16632111036088                       0                       0                       0                       0                       0                       0                       0

 49      -16.44291625574646       28.59540530556831                       0       27.91544473276789       7.723744899156745                       0                       0                       0                       0                       0                       0                       0                       0                       0                       0                       0                       0                       0      -44.35836098851435       20.87166040641156                       0                       0                       0                       0                       0                       0                       0
 50      -3.143450823458826       1.687433900632486                       0       5.500436330261891      -10.35321205848936                       0                       0                       0                       0                       0                       0                       0                       0                       0                       0                       0                       0                       0      -8.643887153720717       12.04064595912185                       0                       0                       0                       0                       0                       0                       0
 51       2.617932667836399      -2.433200099898027                       0       7.440837874066347      -20.61889755171933                       0                       0                       0                       0                       0                       0                       0                       0                       0                       0                       0                       0                       0      -4.822905206229947        18.1856974518213                       0                       0                       0                       0                       0                       0                       0
 52       -5.89039227179077       9.303921997714914                       0     -0.2784184453765306      -5.836270604370668                       0                       0                       0                       0                       0                       0                       0                       0                       0                       0                       0                       0                       0      -5.611973826414239       15.14019260208558                       0                       0                       0                       0                       0                       0                       0

 55      -46.97889822250284        21.3499791255274                       0       55.27460530536468      -68.28506570042933                       0                       0                       0                       0                       0                       0                       0                       0                       0                       0                       0                       0                       0      -102.2535035278675       89.63504482595673                       0                       0                       0                       0                       0                       0                       0
 56      -49.83458199821183       37.09910993834083                       0       23.52680775175929      -65.82330531174935                       0                       0                       0                       0                       0                       0                       0                       0                       0                       0                       0                       0                       0      -73.36138974997112       102.9224152500902                       0                       0                       0                       0                       0                       0                       0
 57      -18.27815773718088       17.43839972990925                       0       3.882597431214265      -29.99575703717341                       0                       0                       0                       0                       0                       0                       0                       0                       0                       0                       0                       0                       0      -22.16075516839514       47.43415676708265                       0                       0                       0                       0                       0                       0                       0
 58     -0.6767195406040578      -5.903999749709211                       0      -4.678170835287119      -1.067087126440128                       0                       0                       0                       0                       0                       0                       0                       0                       0                       0                       0                       0                       0       4.001451294683061      -4.836912623269082                       0                       0                       0                       0                       0                       0                       0

 61       30.68304481686904      -72.70473678149328                       0      -86.02000633515399       46.23904334826148                       0                       0                       0                       0                       0                       0                       0                       0                       0                       0                       0                       0                       0        116.703051152023      -118.9437801297548                       0                       0                       0                       0                       0                       0                       0
 62       -1.73497122162361       -44.5876792984884                       0      -48.96330151483996       38.18462101642635                       0                       0                       0                       0                       0                       0                       0                       0                       0                       0                       0                       0                       0       47.22833029321635      -82.77230031491474                       0                       0                       0                       0                       0                       0                       0
 63        1.35418920747901      -23.61779803140864                       0      -18.80329211298155       29.32146589459643                       0                       0                       0                       0                       0                       0                       0                       0                       0                       0                       0                       0                       0       20.15748132046056      -52.93926392600507                       0                       0                       0                       0                       0                       0                       0
 64       3.500667258127397      -10.57112613055047                       0       -1.57550660748916       5.031715396760319                       0                       0                       0                       0                       0                       0                       0                       0                       0                       0                       0                       0                       0       5.076173865616557      -15.60284152731079                       0                       0                       0                       0                       0                       0                       0
